123456789
987654321
456789012
345678901
210987654
789012345
890123456
567890123
876543210
901234567
678901234
543210987
789765432
123098765
876543209
345678912
654321789
987012345
210876543
234567890
123456789
987654321
456789012
345678901
210987654
789012345
890123456
567890123
876543210
901234567
678901234
543210987
789765432
123098765
876543209
345678912
654321789
987012345
210876543
234567890
123456789
987654321
456789012
345678901
210987654
789012345
890123456
567890123
876543210
901234567
678901234
543210987
789765432
123098765
876543209
345678912
654321789
987012345
210876543
234567890
123456789
987654321
456789012
345678901
210987654
789012345
890123456
567890123
876543210
901234567
678901234
543210987
789765432
123098765
876543209
345678912
654321789
987012345
210876543
